100
30
6 1
27 22
3 5
1 28
12 2
29 9
11 17
27 24
30 28
23 4
19 29
25 12
4 27
7 19
7 8
18 30
25 10
2 11
14 5
15 8
24 25
3 27
4 20
16 2
26 27
11 29
25 13
6 21
24 28
30
9 3
14 25
9 22
15 23
5 28
11 7
8 1
19 28
24 6
14 27
11 16
20 15
20 14
3 29
24 26
8 10
20 7
27 21
18 26
5 7
26 20
30 24
1 2
12 20
12 17
22 25
25 4
6 8
13 20
30
3 14
10 17
19 20
22 11
7 26
1 21
15 13
10 25
24 9
19 24
29 15
22 14
10 26
4 29
23 8
12 1
26 4
2 13
12 9
27 5
10 23
30 17
5 21
23 28
24 18
15 21
12 6
11 12
16 4
30
16 23
1 27
5 22
6 14
30 13
1 22
4 29
11 2
17 20
28 17
10 19
18 8
22 7
6 11
30 2
9 10
18 1
25 4
25 7
15 3
6 15
14 23
12 27
7 20
24 11
14 26
8 21
12 19
18 2
30
29 23
13 15
10 6
16 1
29 13
19 28
3 16
3 15
29 2
30 25
12 14
12 18
12 26
4 6
28 17
25 24
11 4
1 26
9 28
8 14
21 7
7 20
12 22
3 7
11 30
24 20
28 27
19 13
5 24
30
5 12
26 9
26 6
12 30
18 29
28 23
18 8
30 19
11 26
21 15
27 28
15 8
13 22
2 17
22 2
8 28
16 26
30 11
4 1
28 14
27 10
20 25
7 2
25 23
11 1
12 29
5 3
5 2
24 28
30
20 8
6 29
18 7
14 7
22 24
26 30
27 5
16 12
1 30
11 28
3 2
2 4
12 17
10 12
9 15
11 15
25 4
19 17
14 19
9 23
19 21
25 20
26 14
9 24
18 29
23 21
8 5
13 7
3 28
30
19 10
28 9
28 22
9 11
23 19
2 17
27 23
18 15
16 30
5 4
8 1
14 27
3 7
6 29
29 1
16 20
3 21
30 13
21 13
16 1
22 4
17 14
26 25
25 12
22 10
15 9
30 27
12 18
24 26
30
23 6
15 18
25 13
14 16
29 30
16 2
12 21
20 11
20 21
28 11
8 30
3 21
4 18
23 9
8 2
2 26
25 2
15 24
22 9
17 3
23 21
23 14
10 7
5 2
7 18
5 19
1 5
18 17
15 27
30
24 11
8 10
17 27
19 21
17 22
15 7
20 12
28 18
4 28
7 29
30 11
13 11
14 26
10 3
25 12
1 8
1 23
14 2
3 16
27 19
2 17
6 18
14 29
20 3
17 4
5 21
9 6
20 19
11 29
30
10 7
23 8
28 6
25 21
13 21
26 29
16 2
14 27
28 21
20 8
5 27
29 22
27 18
12 30
24 20
25 2
4 15
4 24
10 9
18 17
1 4
13 10
29 30
27 13
13 19
22 21
28 3
11 22
19 8
30
19 21
3 27
6 17
8 4
22 29
5 12
18 2
8 16
11 10
15 21
28 27
6 28
10 22
2 5
24 20
7 11
9 28
26 16
19 11
8 22
1 19
15 23
3 1
24 16
5 25
27 14
5 30
5 3
13 23
30
20 27
7 15
27 12
2 3
27 21
10 14
6 15
4 11
27 11
14 23
10 18
16 22
20 16
7 28
13 6
21 25
1 7
2 9
17 24
1 23
29 27
5 10
8 7
27 15
6 26
16 30
18 9
19 18
24 22
30
8 14
16 21
15 6
15 29
15 23
3 17
3 22
30 20
13 19
2 10
8 1
9 22
24 4
28 30
27 21
13 11
6 12
13 27
27 5
23 14
1 24
3 20
9 11
26 1
25 29
24 21
14 18
17 2
7 16
30
3 13
12 23
1 24
10 1
8 6
9 11
27 17
14 12
4 21
20 29
4 13
3 15
25 15
21 11
21 27
3 26
16 27
23 21
19 30
29 1
17 2
18 1
14 28
7 8
4 7
5 22
22 19
26 24
9 5
30
20 16
3 9
20 24
12 5
12 30
2 12
19 29
25 29
25 30
18 22
2 26
9 29
7 13
1 26
4 18
18 23
20 7
12 16
13 17
23 10
14 30
26 27
26 23
15 28
20 8
15 11
21 12
4 6
15 3
30
12 3
23 25
7 13
17 22
4 9
4 29
28 29
29 2
20 30
28 16
1 28
14 9
25 24
5 23
6 27
27 15
19 2
3 8
27 17
24 3
17 18
6 25
13 10
12 11
30 6
21 19
15 16
6 26
11 13
30
6 2
15 10
23 18
19 11
11 8
25 6
27 30
6 3
20 3
29 28
23 7
7 26
26 1
16 21
15 4
22 28
9 13
2 9
22 30
16 3
17 16
9 14
7 20
12 24
10 25
19 18
5 21
12 29
12 5
30
28 21
28 29
24 13
22 17
2 5
18 28
8 3
18 9
11 2
11 17
17 29
25 13
16 20
19 15
3 19
1 23
4 11
22 15
6 30
1 27
28 24
25 6
3 26
14 10
7 18
12 14
7 20
14 22
5 27
30
6 20
11 29
17 3
2 29
8 1
12 14
23 25
15 9
18 26
13 7
10 25
20 19
11 22
23 15
13 28
10 26
26 20
10 12
6 13
8 30
29 17
4 27
5 16
17 27
11 8
14 24
15 30
1 16
21 19
30
17 8
29 5
27 18
1 6
26 25
25 22
27 2
23 18
16 24
13 30
29 26
20 1
27 11
22 12
15 18
23 16
17 16
7 12
3 21
3 19
19 8
9 29
22 20
24 28
16 14
2 9
28 4
10 29
28 30
30
30 21
5 6
22 2
15 25
1 11
28 9
10 14
22 11
6 29
13 11
17 18
12 18
1 25
6 9
20 26
8 7
27 7
9 21
10 20
22 12
25 23
6 2
10 24
25 7
3 21
14 19
4 10
18 16
23 26
30
12 9
30 5
11 23
27 18
25 7
26 4
17 11
27 7
24 6
12 19
24 30
7 29
22 8
2 5
13 9
16 10
3 22
28 23
15 10
1 4
19 16
11 6
26 21
1 6
20 10
1 10
14 18
3 2
9 25
30
13 14
25 7
11 16
23 8
4 10
5 24
1 9
13 26
6 20
7 29
28 23
28 12
15 6
14 18
19 1
19 16
10 3
19 29
4 21
15 26
4 1
22 28
22 20
15 2
17 8
7 15
24 29
13 27
30 28
30
18 21
26 13
14 29
4 10
24 22
20 6
4 11
18 8
9 8
29 11
2 29
1 8
27 25
30 3
20 16
22 19
25 12
14 1
18 23
24 5
13 15
30 8
17 29
9 5
28 17
29 6
7 12
14 27
15 5
30
6 22
7 14
30 24
21 13
10 13
6 18
3 15
14 29
12 13
6 15
30 7
19 20
8 18
26 15
25 4
16 21
5 19
2 10
3 5
2 9
11 28
8 17
5 29
27 3
19 11
24 1
11 9
22 23
4 8
30
28 20
19 3
26 28
11 25
15 14
16 8
16 23
8 22
18 16
7 16
24 15
10 19
17 1
5 28
18 13
11 2
10 20
28 14
2 27
4 21
6 18
10 30
9 3
24 25
13 4
6 14
12 7
16 29
17 3
30
16 10
27 13
29 3
12 20
8 21
15 9
1 26
16 14
4 27
11 23
22 23
12 25
13 7
11 17
8 22
5 28
28 2
30 21
19 5
1 18
7 6
18 13
1 2
6 8
17 16
29 13
3 20
24 7
15 17
30
23 3
24 12
3 4
28 20
10 11
9 30
14 11
29 27
19 10
14 17
10 30
14 25
9 15
13 14
26 19
15 27
1 14
3 5
5 28
26 21
21 22
7 27
5 2
20 18
29 24
6 2
27 16
26 8
8 28
30
5 1
14 29
4 11
30 10
26 8
17 18
5 20
11 3
5 22
30 2
15 7
8 29
7 28
7 21
25 26
17 28
16 22
9 5
9 6
28 16
10 8
23 21
2 7
12 4
24 2
27 24
7 19
11 21
13 3
30
15 8
9 26
24 9
12 21
4 1
23 14
11 16
27 17
25 23
7 2
17 3
1 28
13 17
16 5
22 26
27 22
30 10
5 19
1 25
10 4
12 7
23 6
13 19
29 24
20 12
15 7
30 11
18 19
3 8
30
2 6
20 10
5 7
16 2
11 3
24 28
21 14
17 14
29 5
1 18
17 28
16 30
26 25
22 10
22 9
18 15
26 5
15 27
3 12
13 19
6 12
13 14
7 30
8 25
23 1
18 8
22 1
10 19
4 28
30
3 28
19 17
26 9
5 6
24 7
25 7
21 14
4 15
8 14
14 3
13 7
9 12
18 8
29 20
17 23
8 20
11 23
10 5
3 12
22 2
25 8
3 1
3 15
24 16
6 27
19 2
10 30
6 13
2 12
30
5 22
7 29
11 3
14 28
4 2
2 11
10 5
22 28
27 30
11 24
25 15
20 18
21 7
28 25
6 23
18 1
18 22
8 23
11 7
30 20
30 12
26 1
25 9
27 23
19 30
19 17
11 10
13 17
11 16
30
8 22
27 6
28 10
21 16
15 4
11 29
14 9
18 12
6 14
23 14
19 4
16 25
20 1
25 18
25 29
1 24
30 2
21 26
4 22
16 13
30 19
7 28
15 5
9 26
29 19
26 17
20 19
3 11
10 30
30
23 19
6 10
11 8
3 10
1 4
4 12
15 3
7 5
17 9
13 19
9 25
20 14
22 26
24 18
5 24
12 26
21 8
30 5
29 22
12 15
11 20
30 8
13 20
26 28
16 28
6 25
17 27
10 5
4 2
30
4 21
19 30
2 27
24 12
4 9
2 7
6 3
10 25
18 15
17 8
7 26
14 11
19 16
23 17
14 1
13 30
3 10
20 29
20 28
8 13
12 29
10 18
7 5
7 25
16 24
5 14
22 9
28 27
18 22
30
14 11
10 9
3 1
17 3
26 17
10 13
26 25
19 1
3 5
22 6
1 20
13 27
24 5
22 27
8 18
24 29
28 29
27 1
23 3
8 16
21 2
25 7
15 3
4 26
18 2
12 30
4 11
13 16
22 12
30
30 1
4 18
8 29
23 27
7 3
8 14
5 30
10 11
28 15
26 24
30 11
22 9
24 19
13 6
4 2
4 25
7 18
28 29
1 3
29 16
24 21
26 27
29 17
20 25
15 24
18 12
17 6
22 17
13 18
30
10 22
25 5
29 15
9 20
5 7
8 24
7 18
2 4
19 6
1 26
1 3
9 21
15 17
23 26
15 11
1 24
27 24
28 3
19 29
16 17
30 22
16 4
25 27
13 14
20 26
29 14
12 30
13 20
10 13
30
10 25
21 28
9 6
30 15
10 13
25 4
11 20
22 16
20 30
27 24
8 28
11 29
17 1
8 24
22 18
14 23
17 10
23 15
9 18
1 7
19 22
4 14
16 25
20 12
14 5
24 5
26 30
2 21
5 3
30
24 30
20 11
7 27
1 29
14 9
20 17
8 28
6 7
23 3
12 20
5 26
20 28
9 4
19 18
10 26
13 26
30 22
9 13
2 9
6 24
19 16
27 14
3 7
16 15
1 25
17 14
28 18
21 4
22 1
30
4 22
16 19
12 16
26 21
24 21
23 14
26 14
9 15
8 26
23 17
20 17
25 28
2 19
30 26
22 3
12 18
13 18
23 5
29 18
5 1
11 7
3 30
7 14
27 10
4 9
10 18
25 22
23 27
16 6
30
9 14
2 30
22 29
14 2
19 9
10 14
17 20
10 15
18 3
26 12
16 13
25 19
11 22
27 14
10 5
8 19
1 9
6 4
2 23
5 26
7 13
16 12
11 4
6 17
6 25
21 29
28 8
23 18
24 22
30
16 24
11 18
25 17
2 7
23 20
10 4
18 26
6 5
25 15
23 30
26 24
17 1
19 2
4 27
3 22
21 19
2 13
25 14
27 29
18 14
19 28
3 1
27 24
18 8
18 9
29 12
23 7
5 12
8 28
30
22 5
6 26
21 20
8 3
18 14
5 25
29 2
5 10
6 15
27 28
30 28
21 15
16 10
9 7
24 1
11 6
23 3
29 3
26 28
12 8
19 25
2 28
16 13
17 11
29 13
9 25
14 23
14 1
24 4
30
21 4
16 21
9 16
26 18
28 2
12 20
17 22
27 30
7 19
20 28
30 26
17 29
23 28
18 10
14 3
27 4
1 7
6 12
5 2
11 13
1 3
15 6
22 10
9 24
28 8
19 23
13 23
12 27
25 8
30
6 19
27 23
2 14
19 3
22 26
2 29
9 10
12 18
15 3
25 29
21 25
16 20
15 7
22 16
27 21
2 13
6 20
7 17
10 24
17 29
21 11
9 28
22 18
1 7
30 20
4 8
3 8
5 23
21 24
30
3 29
29 15
25 10
20 7
12 22
27 28
27 12
25 7
3 1
13 2
22 4
21 17
14 16
18 12
26 2
19 25
15 23
29 2
4 16
4 3
6 10
9 7
14 11
17 29
30 5
21 30
29 25
3 8
12 24
30
29 16
8 7
17 12
30 29
28 11
18 25
27 7
13 25
23 22
1 12
6 23
5 3
17 24
17 10
19 4
14 20
4 27
28 2
25 7
18 2
29 5
21 3
26 18
23 9
9 13
5 1
1 15
15 22
20 29
30
22 4
12 20
10 19
23 22
9 15
14 8
2 21
11 1
18 7
2 9
6 13
7 9
29 1
17 18
12 24
30 24
19 28
9 4
16 23
24 6
1 10
3 20
27 25
5 7
27 22
25 14
26 20
26 2
15 10
30
5 10
6 25
20 15
18 1
25 5
29 6
25 1
13 17
7 12
22 19
8 13
2 16
6 22
14 21
30 1
3 9
17 22
16 26
23 21
27 30
5 28
29 20
25 3
13 24
5 23
21 4
16 22
22 12
3 11
30
27 12
21 9
18 17
16 18
10 3
6 3
3 2
8 17
9 6
5 20
3 7
19 17
1 28
29 16
22 19
14 25
2 4
24 9
17 30
3 1
5 19
23 3
6 17
23 11
26 4
2 12
7 15
23 14
21 13
30
13 24
7 11
29 27
5 8
1 26
14 30
7 6
9 21
9 18
4 29
19 10
20 29
8 6
28 7
9 27
13 5
17 15
10 21
25 29
12 11
2 30
22 11
15 25
2 29
3 13
23 30
3 26
3 27
16 28
30
24 15
18 2
11 29
9 27
7 30
7 13
3 1
2 19
25 6
25 17
14 8
21 16
4 30
13 12
7 26
6 5
27 7
23 26
22 16
9 3
26 15
24 5
29 3
21 24
1 19
23 10
20 16
5 28
14 18
30
28 4
14 3
20 11
18 16
9 2
1 7
5 2
22 29
1 15
25 28
14 23
13 6
28 24
10 26
27 8
9 21
20 2
4 6
9 19
30 21
27 4
10 4
28 7
27 29
14 17
10 18
2 12
23 28
4 21
30
27 25
29 5
27 20
23 28
16 21
10 3
7 6
7 15
4 19
18 26
25 3
24 29
12 16
13 20
3 8
17 18
5 9
27 22
30 14
2 28
23 10
14 3
22 11
23 16
30 19
26 8
1 7
5 27
6 24
30
14 25
19 20
3 27
29 20
22 10
24 12
21 2
15 7
26 17
6 19
4 19
19 2
3 17
24 13
27 12
23 2
3 1
3 9
21 3
4 8
1 30
1 11
9 10
18 6
25 15
16 19
11 28
21 7
11 5
30
12 6
26 24
27 21
4 6
25 22
24 29
8 13
9 5
7 16
13 9
15 1
10 30
5 21
14 23
2 19
12 7
30 18
23 8
29 25
2 13
26 9
17 3
23 11
29 16
6 3
16 15
20 30
1 30
28 13
30
25 27
10 26
1 6
18 19
11 3
3 12
22 23
27 17
5 21
15 6
9 14
14 22
6 7
29 3
13 24
7 30
9 12
16 9
29 26
9 5
1 11
21 27
4 29
8 29
18 30
25 2
3 13
28 10
7 20
30
1 2
12 9
9 10
19 9
28 27
13 6
1 29
13 23
8 3
13 30
16 11
15 5
4 17
22 9
24 19
1 25
18 9
22 7
15 4
13 28
21 13
27 26
3 27
1 10
4 25
1 20
14 7
10 16
18 13
30
27 1
3 17
30 15
19 21
8 28
7 30
26 8
16 24
3 11
28 25
10 27
14 5
19 15
19 23
17 13
3 2
10 14
29 4
13 10
20 13
16 29
4 25
12 17
9 3
22 14
16 3
23 24
26 6
6 18
30
16 5
10 8
10 24
1 16
23 9
17 10
14 29
28 12
15 4
4 10
21 20
30 21
18 7
26 29
15 29
14 30
9 28
18 2
2 13
22 16
29 11
4 6
16 27
10 13
3 29
25 23
9 11
14 5
2 19
30
23 26
2 27
6 28
3 6
29 25
11 19
22 4
12 22
30 25
17 15
20 18
17 24
21 11
3 26
20 8
11 7
8 15
7 16
29 19
2 1
10 16
9 25
13 21
29 4
14 15
25 5
2 20
14 19
28 14
30
30 15
18 2
9 16
21 14
25 29
28 4
3 30
15 23
14 5
24 26
17 14
11 7
13 22
15 13
10 19
14 10
27 18
15 20
29 18
14 6
8 15
23 27
7 16
10 3
11 1
7 18
26 10
2 12
11 28
30
13 15
30 7
23 7
11 15
7 5
18 22
25 1
12 24
1 24
22 10
17 1
19 12
7 18
9 5
8 14
6 4
29 23
16 20
28 8
3 18
5 27
13 22
6 14
18 24
11 26
20 12
2 24
21 4
11 28
30
25 22
1 19
3 28
14 30
14 12
17 12
19 4
15 8
3 25
24 2
24 13
12 26
27 5
11 6
10 28
6 20
7 20
7 23
14 2
18 11
29 27
12 5
16 30
6 13
21 5
19 7
23 15
10 17
6 9
30
22 23
22 25
29 21
17 23
20 19
18 8
12 18
27 24
4 23
30 26
16 21
10 28
6 12
25 13
3 10
14 23
20 15
18 9
7 18
22 26
18 1
7 29
2 16
16 19
18 27
5 14
2 10
14 11
9 26
30
18 25
9 24
10 28
29 26
18 22
21 15
4 28
15 10
22 30
23 1
18 14
10 14
7 20
17 29
12 25
20 11
23 9
17 8
6 10
26 4
20 3
5 6
6 13
19 14
27 8
19 9
16 22
20 14
2 20
30
4 24
13 21
29 9
12 3
8 4
19 7
16 6
16 22
23 18
4 25
21 2
2 8
16 9
2 18
23 10
15 23
17 27
7 14
28 30
11 7
5 26
4 7
26 1
23 17
20 1
20 9
21 12
19 26
19 28
30
28 18
20 25
29 6
2 3
6 17
16 15
21 23
21 17
11 7
25 13
3 18
24 26
5 7
27 10
9 25
10 23
14 4
2 25
10 30
30 19
14 12
13 30
13 15
1 15
12 5
8 30
29 24
12 1
22 19
30
12 5
15 11
1 23
26 24
14 8
20 27
11 30
23 28
13 25
16 29
12 21
2 19
9 6
10 19
3 25
2 11
19 17
25 16
25 4
28 7
23 4
5 8
6 7
22 15
21 26
20 18
4 24
15 14
12 18
30
27 2
16 28
30 25
1 22
14 6
27 26
14 21
8 15
9 10
6 13
22 7
10 17
11 15
4 23
19 17
24 21
20 18
21 28
13 22
1 12
8 18
27 18
26 25
3 9
27 13
14 5
29 4
4 6
9 23
30
9 5
16 28
26 11
27 14
1 30
29 27
10 30
17 15
9 19
24 21
16 7
8 7
11 19
18 26
17 4
21 22
14 2
20 5
12 17
23 29
25 10
15 22
29 9
13 5
23 15
2 16
16 6
9 25
3 23
30
19 14
13 6
10 3
8 18
28 14
25 4
27 12
7 26
13 30
27 1
23 20
7 8
24 29
28 4
12 5
16 26
30 20
26 11
5 17
12 29
22 27
3 11
16 2
1 4
9 27
15 2
8 23
21 9
21 10
30
11 8
24 22
30 4
12 17
6 9
4 15
29 23
25 2
17 23
27 28
7 26
14 20
18 13
7 2
1 22
6 5
3 18
24 16
30 21
10 23
22 14
12 28
23 4
13 1
7 29
8 18
23 19
5 19
26 14
30
23 19
11 20
10 26
26 27
11 2
29 19
2 25
1 25
8 19
27 5
28 6
20 27
22 8
16 3
8 16
15 23
17 7
9 13
23 11
14 1
21 22
9 4
7 29
30 20
24 17
24 12
29 4
28 18
28 4
30
8 2
3 9
25 26
6 17
28 2
26 30
14 21
24 20
4 7
29 5
18 4
19 11
12 27
25 16
22 30
22 7
14 15
1 10
8 3
6 11
24 8
27 13
27 24
29 28
15 25
29 15
10 9
14 23
6 23
30
19 28
19 4
22 23
16 17
16 27
14 3
28 24
16 13
11 4
7 5
2 25
13 12
16 15
13 18
10 28
13 26
29 17
8 13
19 14
12 9
6 18
2 15
7 29
21 7
11 30
7 3
19 1
20 26
18 23
30
11 29
10 7
27 9
1 18
20 4
7 22
30 29
7 23
25 2
24 26
20 11
25 23
3 25
16 9
8 14
14 12
5 26
29 21
8 27
1 11
9 29
26 1
13 21
24 19
23 1
23 15
5 28
17 30
21 6
30
5 17
13 25
21 19
16 3
26 2
18 28
6 8
4 27
29 9
13 15
8 19
11 10
24 3
15 18
17 23
6 20
18 3
8 30
10 3
17 14
18 27
25 29
12 19
23 26
11 19
7 6
22 17
2 28
12 1
30
22 13
16 13
25 27
10 21
18 22
19 16
26 9
30 5
8 13
5 1
28 14
15 14
26 27
23 30
12 2
10 24
17 7
18 30
27 11
4 7
9 12
6 11
17 26
27 14
21 11
1 20
23 29
27 3
4 18
30
4 17
7 14
27 20
1 4
22 29
30 5
15 30
16 6
30 24
11 15
27 6
1 10
25 8
12 26
9 21
3 9
17 19
6 14
29 15
1 27
12 18
23 14
26 11
2 18
7 25
28 8
21 28
13 25
16 26
30
30 27
22 17
28 18
28 12
10 22
26 13
22 3
3 25
9 17
17 4
14 10
19 16
29 10
25 12
30 6
16 28
17 1
9 8
21 20
29 5
8 26
19 23
22 7
24 7
2 22
3 11
27 17
15 13
21 7
30
29 7
12 20
14 3
22 19
11 21
10 20
17 14
24 4
29 9
14 20
26 13
17 16
6 27
19 18
2 5
12 29
21 12
27 15
5 14
2 4
30 28
25 12
1 16
26 20
29 8
28 12
23 12
19 9
27 1
30
15 13
15 25
26 24
4 10
2 9
3 12
6 20
27 24
30 13
22 7
16 29
14 20
10 26
6 23
1 15
21 27
18 27
8 18
29 2
23 9
23 3
17 23
14 5
22 4
19 11
5 1
7 5
11 5
28 4
30
5 13
10 9
11 26
21 30
30 4
28 27
2 19
23 24
7 30
2 30
2 14
15 5
2 5
19 3
14 26
5 9
1 26
29 12
8 23
20 26
29 19
21 22
16 19
10 18
17 28
6 5
10 25
1 23
18 28
30
14 9
9 30
24 30
13 16
7 21
25 16
24 15
18 28
16 19
5 4
19 17
10 18
8 17
26 23
24 27
22 1
28 7
23 27
4 26
2 11
29 6
21 12
5 11
6 30
20 19
1 3
9 13
29 18
4 1
30
5 18
23 4
13 16
12 22
24 1
8 12
26 2
21 26
11 27
24 22
1 13
28 9
3 19
16 21
7 29
15 18
3 21
9 30
12 7
15 17
20 18
28 25
6 13
12 25
14 4
23 1
13 10
5 10
16 11
30
20 16
7 24
19 4
19 17
12 7
7 15
17 2
30 2
9 27
27 29
14 30
13 18
8 25
8 1
21 7
23 22
5 22
11 9
20 1
3 8
13 28
26 19
16 28
21 6
1 30
17 9
21 4
10 17
15 5
30
26 14
1 19
17 6
3 24
27 29
18 16
17 14
27 2
2 22
28 26
25 2
11 29
29 1
29 23
28 30
6 24
30 11
7 4
12 21
20 26
9 4
2 12
3 15
5 13
16 3
14 10
13 29
2 7
17 8
30
21 15
2 14
18 6
11 22
15 4
11 26
14 10
20 16
23 7
22 17
23 1
14 3
3 30
14 6
12 26
9 27
16 5
18 20
29 24
28 2
1 24
28 13
7 15
10 19
5 1
25 17
7 12
12 8
27 29
30
7 24
19 13
26 7
1 23
28 5
29 18
14 15
17 11
4 26
22 30
2 16
13 6
22 5
10 13
3 16
20 15
19 27
25 9
13 21
3 6
5 29
14 21
26 22
11 10
3 12
25 22
8 20
4 3
23 12
30
10 28
9 6
11 8
24 15
12 18
9 30
16 3
19 9
3 2
24 9
27 1
17 29
16 23
5 25
27 5
26 13
5 22
11 13
17 18
3 1
26 6
17 9
2 7
6 20
21 11
9 10
4 1
14 8
27 9
30
19 14
3 20
22 2
22 3
27 15
13 29
27 13
12 30
28 5
17 6
30 21
22 18
15 24
30 10
14 25
26 1
6 11
24 11
16 4
24 18
13 8
5 24
26 20
19 24
3 4
9 8
30 7
21 9
5 23
30
23 5
13 15
9 3
20 1
11 2
22 14
22 6
12 10
27 7
17 7
21 11
30 9
24 18
26 11
14 24
29 22
10 13
6 26
25 30
1 16
19 16
1 26
23 16
11 8
8 9
14 27
28 19
4 20
10 16
30
2 9
5 3
5 15
12 16
27 20
22 23
23 29
9 17
19 24
1 10
8 26
23 24
15 4
22 12
19 9
12 15
6 18
28 10
22 14
30 13
22 26
6 5
27 29
28 21
11 23
2 25
25 10
13 7
30 16
30
29 20
1 26
28 6
27 21
25 15
20 4
28 26
10 23
14 24
22 15
27 8
4 27
1 18
14 30
10 26
22 5
26 7
15 11
2 22
5 13
8 30
3 19
12 3
6 12
9 19
5 7
17 16
5 24
26 16
30
27 5
21 12
1 29
3 20
26 25
3 25
30 5
10 22
12 22
18 13
6 15
30 17
10 2
14 19
28 30
8 14
11 5
9 27
13 3
15 29
22 11
21 4
7 22
4 14
23 8
9 24
30 3
30 15
8 16
30
26 1
30 29
19 21
15 21
29 1
4 17
25 28
9 10
11 27
9 5
16 28
26 9
15 12
19 18
4 7
3 25
30 4
27 7
14 12
22 5
26 12
15 6
15 23
10 20
29 24
18 13
1 3
18 8
26 2
